0 0.4652777777777778 0.7239583333333334 0.23055555555555557 0.06041666666666667
0 0.15 0.4 0.2111111111111111 0.058333333333333334
0 0.5333333333333333 0.34375 0.22777777777777777 0.06666666666666667
0 0.5416666666666666 0.4322916666666667 0.18333333333333332 0.06041666666666667
0 0.8763888888888889 0.08541666666666667 0.21944444444444444 0.06666666666666667
0 0.5166666666666667 0.5333333333333333 0.17222222222222222 0.058333333333333334
0 0.7444444444444445 0.265625 0.20555555555555555 0.11458333333333333
0 0.8736111111111111 0.5635416666666667 0.24166666666666667 0.06041666666666667
0 0.3 0.509375 0.2 0.052083333333333336
0 0.09166666666666666 0.6354166666666666 0.18333333333333332 0.058333333333333334
0 0.8569444444444444 0.7552083333333334 0.2361111111111111 0.08541666666666667
0 0.4666666666666667 0.09479166666666666 0.2111111111111111 0.08541666666666667
0 0.19583333333333333 0.28854166666666664 0.08611111111111111 0.022916666666666665
0 0.2611111111111111 0.6895833333333333 0.20555555555555555 0.075
0 0.8986111111111111 0.453125 0.20277777777777778 0.06458333333333334
0 0.29305555555555557 0.609375 0.20277777777777778 0.06458333333333334
0 0.4722222222222222 0.853125 0.22777777777777777 0.06458333333333334
0 0.09305555555555556 0.7145833333333333 0.18611111111111112 0.0625
0 0.34305555555555556 0.321875 0.18611111111111112 0.05625
0 0.1986111111111111 0.203125 0.19722222222222222 0.06458333333333334
0 0.8333333333333334 0.8604166666666667 0.2111111111111111 0.058333333333333334
0 0.6861111111111111 0.08229166666666667 0.19444444444444445 0.07291666666666667
0 0.6958333333333333 0.5510416666666667 0.20277777777777778 0.07291666666666667
0 0.35138888888888886 0.4239583333333333 0.19722222222222222 0.06458333333333334
0 0.8708333333333333 0.6635416666666667 0.25833333333333336 0.05625
0 0.1486111111111111 0.5458333333333333 0.19722222222222222 0.06666666666666667
0 0.10833333333333334 0.8072916666666666 0.2111111111111111 0.04791666666666667
0 0.3472222222222222 0.24270833333333333 0.18888888888888888 0.06875
0 0.6430555555555556 0.8635416666666667 0.19722222222222222 0.06041666666666667
0 0.2791666666666667 0.10625 0.225 0.0625
0 0.4625 0.7375 0.24722222222222223 0.08333333333333333
0 0.6638888888888889 0.7458333333333333 0.17777777777777778 0.07083333333333333
0 0.6791666666666667 0.625 0.20277777777777778 0.07083333333333333
0 0.7305555555555555 0.42604166666666665 0.17222222222222222 0.08541666666666667
0 0.8944444444444445 0.221875 0.2111111111111111 0.10208333333333333
0 0.2722222222222222 0.8135416666666667 0.17222222222222222 0.06875