0 0.5319444444444444 0.1625 0.20833333333333334 0.058333333333333334
0 0.4083333333333333 0.3177083333333333 0.2222222222222222 0.11041666666666666
0 0.5916666666666667 0.3020833333333333 0.2388888888888889 0.11666666666666667
0 0.8791666666666667 0.5697916666666667 0.24166666666666667 0.08541666666666667
0 0.11805555555555555 0.44166666666666665 0.21388888888888888 0.09583333333333334
0 0.3194444444444444 0.20104166666666667 0.21666666666666667 0.06458333333333334
0 0.09722222222222222 0.24166666666666667 0.19444444444444445 0.07083333333333333
0 0.14583333333333334 0.328125 0.24722222222222223 0.06458333333333334
0 0.4736111111111111 0.08229166666666667 0.19722222222222222 0.10208333333333333
0 0.5305555555555556 0.51875 0.45 0.25833333333333336
0 0.1375 0.975 0.21944444444444444 0.05
0 0.5361111111111111 0.7427083333333333 0.31666666666666665 0.11875
0 0.2652777777777778 0.08333333333333333 0.20833333333333334 0.07916666666666666
0 0.4083333333333333 0.3177083333333333 0.2222222222222222 0.11041666666666666
0 0.3194444444444444 0.9520833333333333 0.23333333333333334 0.09583333333333334
0 0.09166666666666666 0.13333333333333333 0.18333333333333332 0.07083333333333333
0 0.8638888888888889 0.4375 0.2611111111111111 0.08333333333333333