0 0.2125 0.85 0.11388888888888889 0.075
0 0.9125 0.128125 0.10277777777777777 0.09375
0 0.39444444444444443 0.5854166666666667 0.1 0.12083333333333333
0 0.5930555555555556 0.2760416666666667 0.09722222222222222 0.09791666666666667
0 0.11388888888888889 0.27395833333333336 0.1111111111111111 0.09791666666666667
0 0.7291666666666666 0.35520833333333335 0.1638888888888889 0.13541666666666666
0 0.7305555555555555 0.4875 0.3 0.1875
0 0.5125 0.36041666666666666 0.09166666666666666 0.1
0 0.9111111111111111 0.503125 0.12777777777777777 0.09375
0 0.7486111111111111 0.2604166666666667 0.11944444444444445 0.07916666666666666
0 0.8819444444444444 0.40625 0.1361111111111111 0.09583333333333334
0 0.32222222222222224 0.396875 0.10555555555555556 0.08958333333333333
0 0.36666666666666664 0.8104166666666667 0.10555555555555556 0.10416666666666667
0 0.6722222222222223 0.1125 0.11666666666666667 0.09583333333333334
0 0.05555555555555555 0.365625 0.10555555555555556 0.09375
0 0.3 0.19479166666666667 0.1 0.10208333333333333
0 0.3902777777777778 0.47291666666666665 0.125 0.07083333333333333
0 0.46805555555555556 0.15208333333333332 0.1361111111111111 0.09166666666666666
0 0.19166666666666668 0.20416666666666666 0.11666666666666667 0.1
0 0.7861111111111111 0.11458333333333333 0.10555555555555556 0.10416666666666667
0 0.2847222222222222 0.5354166666666667 0.10833333333333334 0.10833333333333334
0 0.10277777777777777 0.8395833333333333 0.12222222222222222 0.1125
0 0.15555555555555556 0.4125 0.2722222222222222 0.20833333333333334
0 0.2722222222222222 0.309375 0.10555555555555556 0.08958333333333333
0 0.2611111111111111 0.740625 0.16111111111111112 0.14791666666666667
0 0.5152777777777777 0.27291666666666664 0.08611111111111111 0.10416666666666667
0 0.21666666666666667 0.5760416666666667 0.1 0.12708333333333333
0 0.3875 0.31666666666666665 0.16944444444444445 0.10416666666666667
0 0.8097222222222222 0.6447916666666667 0.10277777777777777 0.09791666666666667
0 0.37916666666666665 0.16145833333333334 0.10833333333333334 0.10208333333333333
0 0.5305555555555556 0.5 0.12777777777777777 0.13333333333333333
0 0.6972222222222222 0.6625 0.10555555555555556 0.10416666666666667
0 0.44722222222222224 0.721875 0.10555555555555556 0.10625
0 0.05277777777777778 0.175 0.10555555555555556 0.075
0 0.5125 0.36041666666666666 0.09166666666666666 0.1
0 0.5791666666666667 0.6729166666666667 0.1361111111111111 0.1375
0 0.5763888888888888 0.134375 0.14722222222222223 0.10208333333333333
0 0.6333333333333333 0.36875 0.08888888888888889 0.1
0 0.9319444444444445 0.23958333333333334 0.10833333333333334 0.07916666666666666