0 0.5013888888888889 0.4510416666666667 0.225 0.06458333333333334
0 0.7833333333333333 0.51875 0.29444444444444445 0.09583333333333334
0 0.33194444444444443 0.08125 0.21388888888888888 0.075
0 0.7916666666666666 0.64375 0.2611111111111111 0.09166666666666666
0 0.7319444444444444 0.096875 0.3472222222222222 0.18541666666666667
0 0.5 0.7489583333333333 0.24444444444444444 0.09375
0 0.2777777777777778 0.3 0.23333333333333334 0.0875
0 0.7722222222222223 0.8708333333333333 0.29444444444444445 0.17083333333333334
0 0.2833333333333333 0.6010416666666667 0.22777777777777777 0.07291666666666667
0 0.7347222222222223 0.7552083333333334 0.25277777777777777 0.08125
0 0.5305555555555556 0.6177083333333333 0.2388888888888889 0.08541666666666667
0 0.2722222222222222 0.4083333333333333 0.23333333333333334 0.0875