0 0.9 0.26979166666666665 0.10555555555555556 0.10208333333333333
0 0.42777777777777776 0.521875 0.08888888888888889 0.10208333333333333
0 0.6611111111111111 0.20520833333333333 0.08888888888888889 0.09375
0 0.4 0.7666666666666667 0.1 0.10416666666666667
0 0.10694444444444444 0.29791666666666666 0.08611111111111111 0.1125
0 0.4625 0.18541666666666667 0.08611111111111111 0.09166666666666666
0 0.7638888888888888 0.6489583333333333 0.14444444444444443 0.11458333333333333
0 0.9291666666666667 0.5104166666666666 0.09722222222222222 0.09583333333333334
0 0.10138888888888889 0.39791666666666664 0.09166666666666666 0.0875
0 0.25 0.06770833333333333 0.1 0.09375
0 0.8944444444444445 0.6395833333333333 0.08888888888888889 0.09583333333333334
0 0.6430555555555556 0.3145833333333333 0.09722222222222222 0.12083333333333333
0 0.7777777777777778 0.11875 0.09444444444444444 0.09583333333333334
0 0.09027777777777778 0.634375 0.09722222222222222 0.10208333333333333
0 0.28888888888888886 0.7614583333333333 0.09444444444444444 0.09375
0 0.2222222222222222 0.5135416666666667 0.11666666666666667 0.09791666666666667
0 0.5527777777777778 0.65625 0.09444444444444444 0.09583333333333334
0 0.6347222222222222 0.5489583333333333 0.09166666666666666 0.08541666666666667
0 0.35833333333333334 0.18229166666666666 0.1 0.08958333333333333
0 0.31666666666666665 0.6458333333333334 0.1 0.09583333333333334
0 0.32083333333333336 0.521875 0.09166666666666666 0.10625
0 0.8152777777777778 0.76875 0.09722222222222222 0.09583333333333334
0 0.4444444444444444 0.31354166666666666 0.08888888888888889 0.08958333333333333
0 0.5722222222222222 0.09583333333333334 0.08888888888888889 0.10416666666666667
0 0.5486111111111112 0.3260416666666667 0.08611111111111111 0.09375
0 0.7319444444444444 0.4375 0.14722222222222223 0.09166666666666666
0 0.35138888888888886 0.40625 0.09166666666666666 0.0875
0 0.22916666666666666 0.403125 0.10277777777777777 0.07708333333333334
0 0.10694444444444444 0.5104166666666666 0.08611111111111111 0.09166666666666666
0 0.10555555555555556 0.7677083333333333 0.1 0.10625
0 0.7416666666666667 0.20520833333333333 0.09444444444444444 0.09375
0 0.14583333333333334 0.08229166666666667 0.08055555555555556 0.09791666666666667
0 0.8791666666666667 0.16666666666666666 0.10277777777777777 0.09583333333333334
0 0.33055555555555555 0.06354166666666666 0.09444444444444444 0.09791666666666667
0 0.425 0.103125 0.08888888888888889 0.09375
0 0.9208333333333333 0.4010416666666667 0.09722222222222222 0.08125
0 0.5388888888888889 0.534375 0.09444444444444444 0.09375
0 0.43472222222222223 0.4166666666666667 0.09166666666666666 0.09166666666666666
0 0.44027777777777777 0.64375 0.09166666666666666 0.09166666666666666
0 0.14722222222222223 0.18125 0.09444444444444444 0.07916666666666666
0 0.5916666666666667 0.7802083333333333 0.09444444444444444 0.09791666666666667
0 0.5583333333333333 0.2125 0.09444444444444444 0.1
0 0.6305555555555555 0.440625 0.07777777777777778 0.08958333333333333
0 0.20416666666666666 0.7729166666666667 0.09722222222222222 0.09583333333333334
0 0.7833333333333333 0.5302083333333333 0.14444444444444443 0.08541666666666667
0 0.6611111111111111 0.65625 0.08888888888888889 0.10416666666666667