0 0.7597222222222222 0.17291666666666666 0.24722222222222223 0.0875
0 0.2513888888888889 0.9625 0.23055555555555557 0.075
0 0.7625 0.9416666666666667 0.24166666666666667 0.08333333333333333
0 0.7486111111111111 0.6697916666666667 0.2361111111111111 0.08125
0 0.10277777777777777 0.8375 0.20555555555555555 0.075
0 0.2625 0.675 0.2361111111111111 0.12083333333333333
0 0.5069444444444444 0.8447916666666667 0.25833333333333336 0.10625
0 0.7430555555555556 0.4427083333333333 0.2638888888888889 0.09791666666666667
0 0.6166666666666667 0.07291666666666667 0.24444444444444444 0.0875
0 0.7736111111111111 0.8197916666666667 0.21944444444444444 0.08541666666666667
0 0.25416666666666665 0.20729166666666668 0.24166666666666667 0.08958333333333333
0 0.7819444444444444 0.3375 0.225 0.08333333333333333
0 0.49583333333333335 0.5614583333333333 0.24722222222222223 0.07291666666666667
0 0.5069444444444444 0.9604166666666667 0.2361111111111111 0.07916666666666666
0 0.5763888888888888 0.44166666666666665 0.1361111111111111 0.0875
0 0.24305555555555555 0.5135416666666667 0.25277777777777777 0.07708333333333334
0 0.2513888888888889 0.9625 0.23055555555555557 0.075
0 0.7472222222222222 0.5635416666666667 0.25 0.06875
0 0.3541666666666667 0.109375 0.2861111111111111 0.07291666666666667