0 0.7694444444444445 0.38645833333333335 0.25555555555555554 0.09791666666666667
0 0.7944444444444444 0.6520833333333333 0.23333333333333334 0.08333333333333333
0 0.7347222222222223 0.16354166666666667 0.30277777777777776 0.16458333333333333
0 0.3263888888888889 0.346875 0.20833333333333334 0.07708333333333334
0 0.5277777777777778 0.7510416666666667 0.22777777777777777 0.08541666666666667
0 0.32916666666666666 0.6145833333333334 0.20277777777777778 0.06666666666666667
0 0.7777777777777778 0.8625 0.2722222222222222 0.15833333333333333
0 0.7472222222222222 0.7552083333333334 0.22777777777777777 0.07291666666666667
0 0.5555555555555556 0.63125 0.21666666666666667 0.075
0 0.31666666666666665 0.4427083333333333 0.20555555555555555 0.08125
0 0.7875 0.5416666666666666 0.2638888888888889 0.07916666666666666
0 0.36666666666666664 0.146875 0.19444444444444445 0.06458333333333334