0 0.9236111111111112 0.478125 0.125 0.12291666666666666
0 0.5972222222222222 0.6208333333333333 0.12222222222222222 0.12916666666666668
0 0.9222222222222223 0.9114583333333334 0.15555555555555556 0.17708333333333334
0 0.9347222222222222 0.6010416666666667 0.13055555555555556 0.13125
0 0.3527777777777778 0.921875 0.17777777777777778 0.15625
0 0.10972222222222222 0.7666666666666667 0.14722222222222223 0.12916666666666668
0 0.8138888888888889 0.9135416666666667 0.17222222222222222 0.15625
0 0.4847222222222222 0.496875 0.19722222222222222 0.12291666666666666
0 0.8513888888888889 0.746875 0.16944444444444445 0.12708333333333333
0 0.12361111111111112 0.49895833333333334 0.20833333333333334 0.12708333333333333
0 0.8347222222222223 0.48854166666666665 0.125 0.11041666666666666
0 0.09027777777777778 0.9197916666666667 0.14722222222222223 0.15625
0 0.2513888888888889 0.49895833333333334 0.15833333333333333 0.13541666666666666
0 0.3611111111111111 0.625 0.19444444444444445 0.13333333333333333
0 0.3402777777777778 0.7583333333333333 0.125 0.1375
0 0.22916666666666666 0.7645833333333333 0.175 0.15
0 0.4638888888888889 0.6229166666666667 0.08888888888888889 0.125
0 0.23055555555555557 0.6322916666666667 0.13333333333333333 0.12708333333333333
0 0.7319444444444444 0.6072916666666667 0.19722222222222222 0.13125
0 0.12361111111111112 0.6260416666666667 0.14722222222222223 0.15208333333333332
0 0.5805555555555556 0.7614583333333333 0.12222222222222222 0.13958333333333334
0 0.36666666666666664 0.4947916666666667 0.17777777777777778 0.13125
0 0.6861111111111111 0.9229166666666667 0.1388888888888889 0.14583333333333334
0 0.7083333333333334 0.7541666666666667 0.20555555555555555 0.14583333333333334
0 0.4638888888888889 0.9208333333333333 0.13333333333333333 0.15
0 0.44027777777777777 0.7729166666666667 0.1527777777777778 0.15416666666666667
0 0.5611111111111111 0.9072916666666667 0.14444444444444443 0.14791666666666667
0 0.6111111111111112 0.49895833333333334 0.12222222222222222 0.12291666666666666
0 0.7305555555555555 0.490625 0.16666666666666666 0.11875
0 0.22916666666666666 0.9166666666666666 0.225 0.15416666666666667
0 0.8430555555555556 0.6020833333333333 0.14166666666666666 0.12916666666666668